  2.4625   0.00035707595682   0.00032435046003   2.8e-05 
 2.48712  0.000304065780687  0.000282062938876   2.8e-05 
 2.51199  0.000267870592523  0.000250862226883  3.09e-05 
 2.53711  0.000234331114933  0.000235925070963  3.45e-05 
 2.56248  0.000250541654919  0.000246067094209   3.5e-05 
 2.58811  0.000268688840164  0.000242188111704  3.45e-05 
 2.61399  0.000275367019261  0.000267811880866   3.4e-05 
 2.64013  0.000323375847826  0.000298651354021   3.4e-05 
 2.66653  0.000264575497562  0.000277405590663   3.4e-05 
  2.6932  0.000294306253173  0.000264691306519  3.35e-05 
 2.72013  0.000292848791408   0.00027364681523   3.3e-05 
 2.74733  0.000240866062773  0.000289729619003   3.3e-05 
  2.7748  0.000284970047475  0.000293874780655  3.35e-05 
 2.80255  0.000358576799567  0.000312808957687  3.35e-05 
 2.83058  0.000347731902046  0.000318962639049   3.3e-05 
 2.85888  0.000373452790439  0.000335884757369   3.3e-05 
 2.88747  0.000366912080304  0.000361438656908   3.3e-05 
 2.91634   0.00037634276184  0.000364374761552   3.3e-05 
 2.94551  0.000373013960368  0.000398783567317   3.3e-05 
 2.97496   0.00047624503405  0.000411183191827   3.3e-05 
 3.00471  0.000453351089069  0.000454384113205   3.3e-05 
 3.03476  0.000547489365399  0.000474362011806   3.3e-05 
 3.06511  0.000515778330046   0.00051845863415   3.3e-05 
 3.09576  0.000554005491886  0.000547276091204   3.3e-05 
 3.12672  0.000573146281459  0.000576386846565   3.3e-05 
 3.15798  0.000603458604457  0.000596710884955   3.3e-05 
 3.18956  0.000565997953011  0.000619061216491   3.3e-05 
 3.22146  0.000753950253877  0.000700834294659   3.3e-05 
 3.25367  0.000803083740561  0.000748036311616   3.3e-05 
 3.28621  0.000774084961685   0.00079834820694   3.3e-05 
 3.31907  0.000724340362943  0.000720951487249   3.3e-05 
 3.35226  0.000700901219292  0.000759202175338   3.3e-05 
 3.38579  0.000963155551436  0.000899623957392   3.3e-05 
 3.41964  0.000930266270137  0.000942935514974   3.3e-05 
 3.45384  0.000963611380151  0.000980502110475   3.3e-05 
 3.48838    0.0010239722377   0.00102203265817   3.3e-05 
 3.52326   0.00112119853653   0.00111266291579   3.3e-05 
 3.55849   0.00110727099024   0.00113706393651   3.3e-05 
 3.59408   0.00118295601142   0.00122813349834   3.3e-05 
 3.63002   0.00130608343106   0.00131318223237   3.3e-05 
 3.66632   0.00133899528235    0.0013705163404   3.3e-05 
 3.70298     0.001484569609   0.00150911784936   3.3e-05 
 3.74001   0.00166525926869   0.00160086881987   3.3e-05 
 3.77741   0.00172901363125   0.00168218819721   3.3e-05 
 3.81519    0.0017858240813   0.00179109594478   3.3e-05 
 3.85334   0.00201660389101   0.00193631594632   3.3e-05 
 3.89187   0.00199449058282   0.00196694099777   3.3e-05 
 3.93079   0.00202730142596    0.0019934750728   3.3e-05 
  3.9701   0.00196721346753   0.00197935679403  3.35e-05 
  4.0098   0.00196348807413   0.00193496708716   3.4e-05 
  4.0499   0.00184906273563   0.00187109907344   3.4e-05 
  4.0904   0.00179720454437   0.00177276303169   3.4e-05 
  4.1313   0.00174216392399   0.00171000217853   3.4e-05 
 4.17261   0.00154452150397   0.00154795373008   3.4e-05 
 4.21434    0.0012064599262   0.00124766641057   3.4e-05 
 4.25648  0.000997180489392   0.00106039650395   3.4e-05 
 4.29905   0.00100507123814    0.0010129237117  3.45e-05 
 4.34204    0.0010587784952   0.00110200968202   3.5e-05 
 4.38546    0.0010643711412   0.00105163742762   3.5e-05 
 4.42931   0.00103223031488     0.001068685402   3.5e-05 
 4.47361   0.00117456801735   0.00114212841318  3.55e-05 
 4.51834   0.00122035897095   0.00120382783338   3.6e-05 
 4.56353   0.00124907513109   0.00123896819612  3.65e-05 
 4.60916   0.00137473381652    0.0013468537906   3.7e-05 
 4.65525   0.00140743399092   0.00138067062113   3.7e-05 
 4.70181   0.00141732944227   0.00143356007794  3.75e-05 
 4.74882   0.00131278584382   0.00135889183561  3.75e-05 
 4.79631   0.00149111551284    0.0014495202875   3.8e-05 
 4.84428   0.00146218019082   0.00149301502133  3.85e-05 
 4.89272   0.00137870453374   0.00143540964193  3.85e-05 
 4.94165   0.00148407975414   0.00144256644931   3.9e-05 
 4.99106   0.00160869391416   0.00159244582186  3.54e-05 
